Boy1 244 46 214 215
Boy2 273 35 54 234
Boy3 336 41 170 221
Boy4 348 29 238 199
Boy5 446 51 109 166
Boy6 461 37 238 150
Boy7 243 50 192 134
Boy8 292 43 125 125
Boy9 325 37 131 139
Boy10 510 51 242 137
Boy11 516 26 142 164
Boy12 499 44 58 133
Boy13 518 37 177 167
Boy14 302 31 245 216
Boy15 466 45 163 189
Boy16 579 59 51 288
Boy17 224 37 146 134
Boy18 257 34 58 140
Boy19 285 33 183 152
Boy20 360 36 87 241
Boy21 232 50 84 264
Boy22 422 34 212 281
Boy23 368 28 82 127
Boy24 219 47 97 285
Boy25 536 23 206 195
Boy26 417 53 180 264
Boy27 404 34 216 163
Boy28 319 56 241 255
Boy29 310 44 197 277
Boy30 488 32 88 161
Boy31 207 36 70 122
Boy32 363 47 206 168
Boy33 429 31 72 212
Boy34 415 58 246 252
Boy35 469 31 102 262
Boy36 324 49 90 295
Boy37 400 54 95 287
Boy38 506 28 216 183
Boy39 407 45 147 287
Boy40 317 22 94 105
Boy41 371 38 224 167
Boy42 485 39 146 270
Boy43 248 54 112 201
Boy44 441 33 145 202
Boy45 576 21 57 240
Boy46 465 54 132 226
Boy47 536 52 149 231
Boy48 363 33 196 244
Boy49 443 34 202 220
Boy50 501 20 75 100
Boy51 342 50 236 188
Boy52 526 44 173 134
Boy53 360 42 227 182
Boy54 390 45 138 159
Boy55 284 26 99 288
Boy56 468 27 182 296
Boy57 436 43 183 136
Boy58 551 30 193 211
Boy59 316 33 90 182
Boy60 349 22 79 215
Boy61 218 50 147 107
Boy62 325 21 137 237
Boy63 485 21 89 237
Boy64 559 45 210 271
Boy65 557 48 219 146
Boy66 298 48 88 164
Boy67 545 34 203 130
Boy68 542 34 59 283
Boy69 595 20 206 158
Boy70 333 53 171 144
Boy71 484 38 84 261
Boy72 393 56 173 247
Boy73 261 42 194 144
Boy74 564 59 60 234
Boy75 498 41 176 263
Boy76 345 20 205 235
Boy77 308 40 51 212
Boy78 387 21 63 174
Boy79 299 52 109 100
Boy80 331 32 70 234
Boy81 450 52 244 216
Boy82 519 26 153 256
Boy83 516 38 77 129
Boy84 398 41 108 234
Boy85 286 46 52 111
Boy86 519 53 197 267
Boy87 493 38 147 106
Boy88 385 44 112 169
Boy89 364 47 218 156
Boy90 453 56 203 171