Boy79 1 299 109 52 Girl1 3 143 120 26
Boy69 2 595 206 20 Girl2 2 242 103 11
Boy16 3 579 51 59 Girl3 2 480 130 29
Boy74 2 564 60 59 Girl4 1 292 51 14
Boy45 2 576 57 21 Girl5 1 532 96 10
Boy64 1 559 210 45 Girl6 1 578 60 27
Boy90 3 453 203 56 Girl7 2 221 139 17
Boy14 1 302 245 31 Girl8 3 250 162 16
Boy34 2 415 246 58 Girl9 1 335 127 25
Boy81 2 450 244 52 Girl10 1 375 136 17
Boy10 2 510 242 51 Girl11 3 256 177 21
Boy65 1 557 219 48 Girl12 3 339 73 12
Boy28 1 319 241 56 Girl13 2 284 183 13
Boy72 2 393 173 56 Girl14 1 572 174 26
Boy37 2 400 95 54 Girl15 2 310 188 22
Boy43 2 248 112 54 Girl16 1 410 117 15
Boy6 1 461 238 37 Girl17 2 194 127 24
Boy46 3 465 132 54 Girl18 3 333 113 22
Boy4 2 348 238 29 Girl19 3 579 110 23
Boy26 1 417 180 53 Girl20 2 417 65 15
Boy58 2 551 193 30 Girl21 1 238 64 23
Boy70 2 333 171 53 Girl22 1 194 180 28
Boy67 3 545 203 34 Girl23 2 564 60 25
Boy47 3 536 149 52 Girl24 2 261 162 26
Boy51 3 342 236 50 Girl25 3 519 49 23
Boy68 2 542 59 34 Girl26 2 458 126 16
Boy25 1 536 206 23 Girl27 1 538 165 14
Boy5 2 446 109 51 Girl28 2 198 51 29
Boy53 2 360 227 42 Girl29 2 428 189 24
Boy41 1 371 224 38 Girl30 2 359 136 13
Boy52 3 526 173 44 Girl31 1 463 103 24
Boy89 2 364 218 47 Girl32 2 361 142 23
Boy86 3 519 197 53 Girl33 3 372 187 18
Boy27 3 404 216 34 Girl34 3 220 54 28
Boy82 1 519 153 26 Girl35 1 608 85 14
Boy38 2 506 216 28 Girl36 3 564 70 16
Boy1 1 244 214 46 Girl37 1 239 146 24
Boy73 3 261 194 42 Girl38 3 159 173 26
Boy13 3 518 177 37 Girl39 1 364 43 15
Boy11 3 516 142 26 Girl40 2 218 125 26
Boy32 3 363 206 47 Girl41 2 235 176 12
Boy22 1 422 212 34 Girl42 1 563 107 25
Boy83 1 516 77 38 Girl43 1 129 73 14
Boy7 2 243 192 50 Girl44 3 544 145 18
Boy12 1 499 58 44 Girl45 2 580 87 24
Boy21 3 232 84 50 Girl46 2 444 184 14
Boy61 1 218 147 50 Girl47 2 375 171 17
Boy87 2 493 147 38 Girl48 2 143 86 28
Boy49 1 443 202 34 Girl49 3 366 150 21
Boy48 1 363 196 33 Girl50 2 259 117 23
Boy36 2 324 90 49 Girl51 3 499 157 28
Boy19 1 285 183 33 Girl52 2 235 181 25
Boy66 3 298 88 48 Girl53 2 240 135 18
Boy30 1 488 88 32 Girl54 3 255 140 26
Boy24 2 219 97 47 Girl55 2 386 110 19
Boy75 3 498 176 41 Girl56 1 559 54 27
Boy57 3 436 183 43 Girl57 1 147 113 17
Boy50 2 501 75 20 Girl58 3 618 120 13
Boy42 1 485 146 39 Girl59 3 619 185 21
Boy17 2 224 146 37 Girl60 1 177 85 21
