Girl1 143 26 120 2
Girl2 242 11 103 1
Girl3 480 29 130 2
Girl4 292 14 51 2
Girl5 532 10 96 1
Girl6 578 27 60 1
Girl7 221 17 139 2
Girl8 250 16 162 3
Girl9 335 25 127 3
Girl10 375 17 136 3
Girl11 256 21 177 3
Girl12 339 12 73 1
Girl13 284 13 183 3
Girl14 572 26 174 2
Girl15 310 22 188 2
Girl16 410 15 117 2
Girl17 194 24 127 3
Girl18 333 22 113 2
Girl19 579 23 110 3
Girl20 417 15 65 2
Girl21 238 23 64 1
Girl22 194 28 180 2
Girl23 564 25 60 1
Girl24 261 26 162 2
Girl25 519 23 49 3
Girl26 458 16 126 1
Girl27 538 14 165 1
Girl28 198 29 51 2
Girl29 428 24 189 3
Girl30 359 13 136 3
Girl31 463 24 103 1
Girl32 361 23 142 3
Girl33 372 18 187 2
Girl34 220 28 54 3
Girl35 608 14 85 1
Girl36 564 16 70 3
Girl37 239 24 146 3
Girl38 159 26 173 3
Girl39 364 15 43 1
Girl40 218 26 125 1
Girl41 235 12 176 3
Girl42 563 25 107 3
Girl43 129 14 73 1
Girl44 544 18 145 2
Girl45 580 24 87 1
Girl46 444 14 184 2
Girl47 375 17 171 2
Girl48 143 28 86 1
Girl49 366 21 150 3
Girl50 259 23 117 3
Girl51 499 28 157 2
Girl52 235 25 181 3
Girl53 240 18 135 2
Girl54 255 26 140 1
Girl55 386 19 110 2
Girl56 559 27 54 1
Girl57 147 17 113 3
Girl58 618 13 120 1
Girl59 619 21 185 1
Girl60 177 21 85 3