Boy31 3 596 139 43 Girl1 3 318 75 10
Boy25 2 394 54 59 Girl2 3 614 79 23
Boy26 2 540 229 59 Girl3 1 373 48 14
Boy3 2 386 127 58 Girl4 3 135 162 16
Boy40 1 375 187 58 Girl5 1 187 55 18
Boy67 1 570 152 24 Girl6 3 127 131 15
Boy29 3 405 214 59 Girl7 1 212 78 27
Boy44 1 521 245 39 Girl8 3 224 68 14
Boy22 2 510 244 30 Girl9 1 389 133 28
Boy70 3 258 202 59 Girl10 1 341 146 25
Boy83 2 554 235 54 Girl11 2 178 51 13
Boy69 1 570 202 42 Girl12 2 178 96 22
Boy76 2 594 100 39 Girl13 2 365 108 12
Boy86 2 253 244 29 Girl14 2 503 138 19
Boy78 1 353 125 59 Girl15 3 567 74 15
Boy16 1 288 180 58 Girl16 1 585 152 13
Boy42 1 492 142 58 Girl17 1 345 160 12
Boy6 2 359 238 37 Girl18 3 173 132 27
Boy62 3 589 213 38 Girl19 2 363 133 17
Boy28 2 412 194 57 Girl20 2 586 72 16
Boy34 1 584 109 52 Girl21 1 588 88 15
Boy87 1 492 201 57 Girl22 1 333 113 20
Boy5 3 583 227 28 Girl23 3 502 167 12
Boy90 1 561 241 34 Girl24 2 507 179 28
Boy88 3 568 167 26 Girl25 3 408 167 24
Boy52 2 315 89 52 Girl26 3 240 175 10
Boy2 1 291 177 52 Girl27 1 518 74 12
Boy68 3 424 234 28 Girl28 3 211 187 21
Boy80 1 554 130 28 Girl29 2 511 132 27
Boy84 2 541 135 48 Girl30 3 554 100 27
Boy13 1 516 91 31 Girl31 2 301 102 26
Boy74 3 551 138 20 Girl32 3 471 40 10
Boy64 3 541 164 20 Girl33 1 489 101 15
Boy15 1 359 226 50 Girl34 2 608 82 26
Boy77 3 269 243 24 Girl35 3 302 150 19
Boy4 1 434 102 51 Girl36 2 334 147 20
Boy27 3 497 180 44 Girl37 1 265 143 29
Boy82 3 399 105 51 Girl38 1 473 142 29
Boy24 3 485 102 49 Girl39 3 611 173 27
Boy14 3 343 150 47 Girl40 3 134 68 10
Boy7 3 255 203 49 Girl41 3 461 97 20
Boy46 3 523 121 20 Girl42 1 327 117 17
Boy17 3 281 219 42 Girl43 1 535 95 11
Boy81 3 360 219 35 Girl44 1 497 171 26
Boy57 3 353 216 36 Girl45 2 399 99 23
Boy32 1 514 182 22 Girl46 3 411 105 19
Boy48 2 403 215 28 Girl47 1 416 70 13
Boy58 1 431 205 35 Girl48 3 219 76 20
Boy18 2 405 170 48 Girl49 2 354 178 13
Boy9 2 294 210 39 Girl50 1 329 130 19
Boy33 1 412 203 48 Girl51 2 494 114 24
Boy20 2 499 94 20 Girl52 2 369 60 16
Boy59 3 472 204 34 Girl53 3 180 52 12
Boy61 3 438 166 43 Girl54 3 151 118 10
Boy41 3 422 189 48 Girl55 3 327 51 11
Boy30 2 481 139 47 Girl56 3 597 153 26
Boy21 1 466 54 35 Girl57 3 384 65 11
Boy71 1 316 135 37 Girl58 3 134 144 11
Boy56 3 201 103 48 Girl59 2 422 64 15
Boy23 3 429 210 41 Girl60 1 612 170 17
