Boy31 2 207 70 36 Girl5 3 532 96 10
Boy61 1 218 147 50 Girl2 2 242 103 11
Boy24 2 219 97 47 Girl12 2 339 73 12
Boy17 2 224 146 37 Girl41 3 235 176 12
Boy21 1 232 84 50 Girl30 2 359 136 13
Boy7 1 243 192 50 Girl13 3 284 183 13
Boy1 3 244 214 46 Girl58 1 618 120 13
Boy43 1 248 112 54 Girl35 2 608 85 14
Boy18 2 257 58 34 Girl27 2 538 165 14
Boy85 3 286 52 46 Girl43 3 129 73 14
Boy73 3 261 194 42 Girl59 1 619 185 21
Boy2 2 273 54 35 Girl46 2 444 184 14
Boy55 3 284 99 26 Girl4 2 292 51 14
Boy19 3 285 183 33 Girl16 1 410 117 15
Boy8 2 292 125 43 Girl39 3 364 43 15
Boy66 3 298 88 48 Girl20 3 417 65 15
Boy79 2 299 109 52 Girl36 1 564 70 16
Boy14 2 302 245 31 Girl26 1 458 126 16
Boy77 3 308 51 40 Girl8 2 250 162 16
Boy59 1 316 90 33 Girl7 1 221 139 17
Boy29 1 310 197 44 Girl47 2 375 171 17
Boy40 3 317 94 22 Girl57 1 147 113 17
Boy28 3 319 241 56 Girl10 1 375 136 17
Boy62 2 325 137 21 Girl53 1 240 135 18
Boy36 1 324 90 49 Girl33 2 372 187 18
Boy9 3 325 131 37 Girl44 2 544 145 18
Boy80 1 331 70 32 Girl55 2 386 110 19
Boy70 1 333 171 53 Girl11 1 256 177 21
Boy3 2 336 170 41 Girl49 1 366 150 21
Boy32 3 363 206 47 Girl60 3 177 85 21
Boy51 3 342 236 50 Girl45 3 580 87 24
Boy4 3 348 238 29 Girl15 3 310 188 22
Boy60 3 349 79 22 Girl18 2 333 113 22
Boy53 3 360 227 42 Girl32 2 361 142 23
Boy20 1 360 87 36 Girl19 1 579 110 23
Boy89 3 364 218 47 Girl21 3 238 64 23
Boy48 1 363 196 33 Girl50 1 259 117 23
Boy23 2 368 82 28 Girl25 2 519 49 23
Boy41 3 371 224 38 Girl17 1 194 127 24
Boy88 2 385 112 44 Girl31 1 463 103 24
Boy54 3 390 138 45 Girl29 1 428 189 24
Boy84 3 398 108 41 Girl37 1 239 146 24
Boy72 3 393 173 56 Girl23 1 564 60 25
Boy27 1 404 216 34 Girl52 3 235 181 25
Boy37 3 400 95 54 Girl9 1 335 127 25
Boy39 2 407 147 45 Girl42 1 563 107 25
Boy34 1 415 246 58 Girl54 3 255 140 26
Boy26 1 417 180 53 Girl14 2 572 174 26
Boy57 1 436 183 43 Girl38 1 159 173 26
Boy33 1 429 72 31 Girl24 3 261 162 26
Boy44 3 441 145 33 Girl40 2 218 125 26
Boy22 2 422 212 34 Girl6 3 578 60 27
Boy87 3 493 147 38 Girl1 1 143 120 26
Boy49 1 443 202 34 Girl56 3 559 54 27
Boy5 1 446 109 51 Girl34 2 220 54 28
Boy90 3 453 203 56 Girl22 3 194 180 28
Boy81 1 450 244 52 Girl51 2 499 157 28
Boy12 2 499 58 44 Girl48 2 143 86 28
Boy6 2 461 238 37 Girl3 1 480 130 29
Boy15 3 466 163 45 Girl28 1 198 51 29
