Gift1 2 21 24
Gift2 2 21 24
Gift3 3 17 33
Gift4 1 20 30
Gift5 1 15 31
Gift6 2 19 32
Gift7 1 13 25
Gift8 2 15 24
Gift9 1 14 32
Gift10 1 19 26
Gift11 1 16 31
Gift12 3 13 31
Gift13 3 17 31
Gift14 3 19 29
Gift15 1 13 26
Gift16 2 13 24
Gift17 2 12 26
Gift18 2 12 27
Gift19 3 21 32
Gift20 2 17 29
Gift21 1 18 29
Gift22 1 14 26
Gift23 2 19 26
Gift24 3 19 27
Gift25 3 18 28
Gift26 3 14 24
Gift27 2 14 29
Gift28 3 15 27
Gift29 1 16 28
Gift30 3 15 25
Gift31 1 20 27
Gift32 2 21 28
Gift33 3 17 29
Gift34 3 14 30
Gift35 1 15 32
Gift36 1 15 25
Gift37 3 17 32
Gift38 1 20 24
Gift39 1 19 30
Gift40 3 20 28
Gift41 1 15 31
Gift42 3 16 29
Gift43 2 17 31
Gift44 2 13 28
Gift45 2 19 26
Gift46 1 12 25
Gift47 1 16 25
Gift48 2 17 30
Gift49 1 16 33
Gift50 1 17 24
Gift51 1 14 32
Gift52 2 12 33
Gift53 2 12 30
Gift54 3 12 31
Gift55 1 15 30
Gift56 3 15 28
Gift57 3 16 24
Gift58 2 17 32
Gift59 1 20 33
Gift60 1 13 25
Gift61 2 15 32
Gift62 1 21 27
Gift63 2 12 24
Gift64 1 19 25
Gift65 3 13 24
Gift66 1 14 29
Gift67 2 14 26
Gift68 2 16 31
Gift69 3 16 30
Gift70 1 21 25
Gift71 3 17 33
Gift72 3 16 31
Gift73 1 18 24
Gift74 2 20 26
Gift75 3 14 31
Gift76 1 12 33
Gift77 2 17 32
Gift78 1 18 31
Gift79 2 19 30
Gift80 1 15 26
Gift81 3 14 31
Gift82 3 17 27
Gift83 2 14 31
Gift84 2 14 26
Gift85 3 18 31
Gift86 2 15 25
Gift87 2 21 31
Gift88 2 21 30
Gift89 2 16 32
Gift90 1 17 24
Gift91 3 13 33
Gift92 1 14 32
Gift93 2 18 33
Gift94 3 19 26
Gift95 2 18 30
Gift96 3 15 31
Gift97 1 14 24
Gift98 1 13 27
Gift99 3 21 24
Gift100 3 18 26