Gift1 1 17 24
Gift2 2 18 31
Gift3 3 18 31
Gift4 1 15 30
Gift5 3 20 26
Gift6 1 16 26
Gift7 2 19 28
Gift8 1 19 32
Gift9 3 16 31
Gift10 1 16 28
Gift11 3 13 30
Gift12 2 21 28
Gift13 3 14 24
Gift14 2 14 31
Gift15 2 15 28
Gift16 2 16 28
Gift17 3 18 31
Gift18 3 14 26
Gift19 1 18 33
Gift20 2 18 32
Gift21 2 15 29
Gift22 3 17 33
Gift23 1 17 25
Gift24 3 19 30
Gift25 3 19 31
Gift26 1 19 30
Gift27 2 13 25
Gift28 3 16 29
Gift29 2 20 29
Gift30 2 20 32
Gift31 3 16 24
Gift32 1 19 28
Gift33 1 15 32
Gift34 1 13 26
Gift35 1 19 24
Gift36 2 17 29
Gift37 3 13 28
Gift38 1 12 25
Gift39 2 18 33
Gift40 2 13 24
Gift41 1 19 30
Gift42 1 18 32
Gift43 2 17 26
Gift44 2 17 33
Gift45 2 21 32
Gift46 2 18 32
Gift47 1 19 27
Gift48 3 13 33
Gift49 2 14 33
Gift50 3 17 31
Gift51 2 14 30
Gift52 1 18 26
Gift53 1 16 24
Gift54 1 14 30
Gift55 1 12 24
Gift56 1 19 24
Gift57 3 17 33
Gift58 2 17 28
Gift59 1 19 33
Gift60 1 21 30
Gift61 3 12 30
Gift62 1 21 31
Gift63 2 17 24
Gift64 2 15 24
Gift65 1 19 29
Gift66 1 20 24
Gift67 1 13 30
Gift68 1 21 27
Gift69 2 18 29
Gift70 3 15 29
Gift71 2 18 32
Gift72 1 16 25
Gift73 3 16 33
Gift74 3 19 26
Gift75 1 17 24
Gift76 2 20 31
Gift77 2 19 27
Gift78 2 21 27
Gift79 2 15 29
Gift80 2 21 24
Gift81 2 21 24
Gift82 2 19 24
Gift83 1 21 29
Gift84 1 21 33
Gift85 2 12 32
Gift86 2 15 31
Gift87 1 15 25
Gift88 1 13 33
Gift89 3 13 25
Gift90 2 12 26
Gift91 1 13 26
Gift92 3 15 25
Gift93 2 14 27
Gift94 3 18 25
Gift95 3 17 27
Gift96 3 13 30
Gift97 3 13 33
Gift98 1 12 29
Gift99 3 15 33
Gift100 1 20 28