Gift1 3 12 28
Gift2 1 19 32
Gift3 1 17 24
Gift4 1 19 28
Gift5 1 17 24
Gift6 2 21 26
Gift7 3 13 24
Gift8 3 15 28
Gift9 2 19 29
Gift10 1 15 27
Gift11 1 20 32
Gift12 3 17 27
Gift13 1 20 26
Gift14 2 19 33
Gift15 1 21 26
Gift16 3 14 24
Gift17 1 16 25
Gift18 3 17 25
Gift19 3 14 29
Gift20 3 14 25
Gift21 2 15 30
Gift22 3 17 24
Gift23 3 16 33
Gift24 3 17 26
Gift25 2 20 28
Gift26 1 14 28
Gift27 2 13 30
Gift28 2 15 24
Gift29 1 19 32
Gift30 1 20 33
Gift31 1 12 28
Gift32 1 19 28
Gift33 2 21 27
Gift34 3 18 32
Gift35 2 14 28
Gift36 1 13 26
Gift37 1 16 24
Gift38 2 18 26
Gift39 3 21 27
Gift40 2 19 32
Gift41 2 20 26
Gift42 3 19 25
Gift43 1 20 30
Gift44 1 12 26
Gift45 3 13 25
Gift46 1 17 31
Gift47 2 18 28
Gift48 3 15 30
Gift49 2 13 33
Gift50 2 15 33
Gift51 3 19 33
Gift52 3 19 26
Gift53 2 21 31
Gift54 2 21 29
Gift55 1 17 32
Gift56 2 17 27
Gift57 2 18 26
Gift58 3 19 24
Gift59 3 16 30
Gift60 1 18 31
Gift61 2 20 30
Gift62 1 19 26
Gift63 2 13 31
Gift64 1 14 32
Gift65 3 19 31
Gift66 1 16 25
Gift67 1 21 30
Gift68 3 13 29
Gift69 3 14 32
Gift70 1 15 31
Gift71 2 16 28
Gift72 1 19 26
Gift73 1 17 31
Gift74 3 18 32
Gift75 1 19 32
Gift76 1 18 26
Gift77 2 19 26
Gift78 3 10 27
Gift79 1 20 30
Gift80 3 12 32
Gift81 2 21 28
Gift82 3 11 24
Gift83 2 19 32
Gift84 1 13 25
Gift85 2 15 27
Gift86 2 21 27
Gift87 1 13 24
Gift88 1 16 25
Gift89 3 15 32
Gift90 1 16 33
Gift91 2 12 24
Gift92 2 14 25
Gift93 2 19 25
Gift94 2 20 25
Gift95 1 20 25
Gift96 2 19 30
Gift97 1 13 26
Gift98 1 18 24
Gift99 3 17 27
Gift100 3 13 33
