Gift1 1 15 25
Gift2 3 19 32
Gift3 1 14 32
Gift4 2 20 24
Gift5 1 19 31
Gift6 1 14 26
Gift7 2 16 28
Gift8 2 20 32
Gift9 3 15 31
Gift10 2 18 28
Gift11 2 18 25
Gift12 1 21 27
Gift13 3 15 25
Gift14 1 17 32
Gift15 3 12 26
Gift16 3 14 32
Gift17 2 18 27
Gift18 3 19 25
Gift19 3 16 27
Gift20 2 12 33
Gift21 2 16 29
Gift22 2 21 25
Gift23 3 16 27
Gift24 2 17 27
Gift25 2 18 25
Gift26 2 13 26
Gift27 3 18 32
Gift28 1 15 29
Gift29 2 17 29
Gift30 2 19 28
Gift31 2 21 31
Gift32 1 15 28
Gift33 1 12 24
Gift34 1 18 32
Gift35 3 12 27
Gift36 2 20 26
Gift37 3 20 26
Gift38 1 15 30
Gift39 3 12 32
Gift40 2 16 27
Gift41 2 16 25
Gift42 3 13 24
Gift43 1 16 32
Gift44 1 13 32
Gift45 1 21 31
Gift46 1 19 32
Gift47 1 21 30
Gift48 3 15 27
Gift49 2 17 31
Gift50 3 21 24
Gift51 3 12 33
Gift52 3 13 33
Gift53 3 18 28
Gift54 3 13 27
Gift55 2 17 25
Gift56 2 21 27
Gift57 1 21 30
Gift58 3 17 24
Gift59 2 20 29
Gift60 3 14 24
Gift61 2 13 26
Gift62 1 15 25
Gift63 1 18 29
Gift64 1 13 26
Gift65 3 13 26
Gift66 2 20 31
Gift67 1 13 33
Gift68 1 21 28
Gift69 1 15 33
Gift70 1 12 33
Gift71 1 19 30
Gift72 3 14 27
Gift73 3 17 26
Gift74 1 18 26
Gift75 3 19 24
Gift76 1 16 29
Gift77 2 19 24
Gift78 2 19 24
Gift79 2 19 24
Gift80 3 21 26
Gift81 2 19 31
Gift82 2 16 27
Gift83 3 21 24
Gift84 3 14 29
Gift85 1 18 30
Gift86 1 16 28
Gift87 2 16 31
Gift88 1 21 25
Gift89 1 18 30
Gift90 2 19 27
Gift91 3 20 27
Gift92 1 21 30
Gift93 2 17 24
Gift94 3 14 33
Gift95 1 15 29
Gift96 1 21 28
Gift97 3 21 33
Gift98 2 21 29
Gift99 3 12 31
Gift100 2 13 29