Girl1 318 10 75 1
Girl2 614 23 79 2
Girl3 373 14 48 2
Girl4 135 16 162 2
Girl5 187 18 55 2
Girl6 127 15 131 1
Girl7 212 27 78 2
Girl8 224 14 68 3
Girl9 389 28 133 3
Girl10 341 25 146 2
Girl11 178 13 51 2
Girl12 178 22 96 1
Girl13 365 12 108 1
Girl14 503 19 138 3
Girl15 567 15 74 2
Girl16 585 13 152 2
Girl17 345 12 160 2
Girl18 173 27 132 3
Girl19 363 17 133 1
Girl20 586 16 72 2
Girl21 588 15 88 1
Girl22 333 20 113 2
Girl23 502 12 167 1
Girl24 507 28 179 3
Girl25 408 24 167 1
Girl26 240 10 175 2
Girl27 518 12 74 2
Girl28 211 21 187 3
Girl29 511 27 132 1
Girl30 554 27 100 1
Girl31 301 26 102 1
Girl32 471 10 40 1
Girl33 489 15 101 1
Girl34 608 26 82 3
Girl35 302 19 150 3
Girl36 334 20 147 2
Girl37 265 29 143 1
Girl38 473 29 142 2
Girl39 611 27 173 1
Girl40 134 10 68 2
Girl41 461 20 97 2
Girl42 327 17 117 1
Girl43 535 11 95 3
Girl44 497 26 171 3
Girl45 399 23 99 3
Girl46 411 19 105 1
Girl47 416 13 70 3
Girl48 219 20 76 3
Girl49 354 13 178 2
Girl50 329 19 130 3
Girl51 494 24 114 2
Girl52 369 16 60 1
Girl53 180 12 52 3
Girl54 151 10 118 3
Girl55 327 11 51 2
Girl56 597 26 153 1
Girl57 384 11 65 1
Girl58 134 11 144 3
Girl59 422 15 64 2
Girl60 612 17 170 3